Script started on 2026-09-09 05:33:45-07:00 [COMMAND="stty intr ^] &&  ./FireSim-xilinx_alveo_u250 +permissive   +macaddr0=00:12:6D:00:00:02 +niclog0=niclog0  +trace-select=1 +trace-start=0 +trace-end=-1 +trace-output-format=0 +dwarf-file-name=merlin-smolvla-flowdenoise-d27439fee438a2840-merlin-smolvla-flowdenoise-d27439fee438a284.elf-dwarf +autocounter-readrate=0 +autocounter-filename-base=AUTOCOUNTERFILE  +print-start=0 +print-end=-1 +linklatency0=6405 +netbw0=200 +shmemportname0=default  +domain=0x0000 +bus=0x42 +device=0x00 +function=0x0 +bar=0x0 +pci-vendor=0x10ee +pci-device=0x903f +permissive-off +prog0=merlin-smolvla-flowdenoise-d27439fee438a2840-merlin-smolvla-flowdenoise-d27439fee438a284.elf   && stty intr ^c" TERM="screen" TTY="/dev/pts/25" COLUMNS="80" LINES="24"]
+domain found: 0x0000
+bus found: 0x42
+device found: 0x00
+function found: 0x0
+bar found: 0x0
Using: 0000:42:00.0, BAR ID: 0, PCI Vendor ID: 0x10ee, PCI Device ID: 0x903f
Opening /sys/bus/pci/devices/0000:42:00.0/vendor
Opening /sys/bus/pci/devices/0000:42:00.0/device
examining xdma/.
examining xdma/..
examining xdma/xdma0_h2c_0
Using xdma write queue: /dev/xdma0_h2c_0
Using xdma read queue: /dev/xdma0_c2h_0
widget_registry_t::add_widget(StreamEngine)
cpu2fpga: 0, fpga2cpu: 1
UART0 is here (stdin/stdout).
TraceRV 0: Tracing disabled, since +tracefile was not provided.
command line for program 0. argc=24:
+permissive +macaddr0=00:12:6D:00:00:02 +niclog0=niclog0 +trace-select=1 +trace-start=0 +trace-end=-1 +trace-output-format=0 +dwarf-file-name=merlin-smolvla-flowdenoise-d27439fee438a2840-merlin-smolvla-flowdenoise-d27439fee438a284.elf-dwarf +autocounter-readrate=0 +autocounter-filename-base=AUTOCOUNTERFILE +print-start=0 +print-end=-1 +linklatency0=6405 +netbw0=200 +shmemportname0=default +domain=0x0000 +bus=0x42 +device=0x00 +function=0x0 +bar=0x0 +pci-vendor=0x10ee +pci-device=0x903f +permissive-off merlin-smolvla-flowdenoise-d27439fee438a2840-merlin-smolvla-flowdenoise-d27439fee438a284.elf 
entered simulation flow execution
finished waiting
FireSim fingerprint: 0x46697265
TracerV: Trigger enabled from 0 to 18446744073709551615 cycles
Commencing simulation.
tsibridge_t::tick skipping tick
tsibridge_t::tick skipping tick
tsibridge_t::tick skipping tick
tsibridge_t::tick skipping tick
tsibridge_t::tick skipping tick
tsibridge_t::tick skipping tick
tsibridge_t::tick skipping tick
tsibridge_t::tick skipping tick
MERLIN_INVOCATIONS warmup=1 measured=1
MERLIN_PROFILE warmup begin
MERLIN_PROFILE warmup end rc=0
MERLIN_PROFILE measured begin
METRIC cycles 33085199302
MERLIN_PROFILE measured end rc=0
OUT Y0 50 32 3273278189 3281662082 3272609620 3281910979 3273122104 3282518452 3273893323 3273754097 0 3273399148 3282364975 3273438905 3288594515 3273780092 3197737370 1063675494 1073741824 3287795309 3282368015 3287681991 3282112061 3287970067 3282774405 1077097267 3286941987 3287745735 3282615958 3287012698 3287793584 1065353216 3286909027 3287500629 3273146849 3281715346 3272611270 3281873503 3273316814 3282520826 3273826798 3273747668 1073741824 3273266027 3282461202 3273303423 3288588992 3273781791 1076677837 1077516698 0 3287763487 3282396136 3287710183 3282072743 3288023811 3282839746 1061997773 3286939669 3287738592 3282518346 3286978611 3287721010 0 3286831696 3287533424 3273340685 3281657873 3272540811 3281811039 3273317075 3282481943 3273890751 3273623025 0 3273267141 3282359831 3273306431 3288573045 3273780092 1076677837 1063675494 1077936128 3287727319 3282398211 3287641155 3282110658 3288033501 3282869202 1077097267 3286939883 3287740474 3282516485 3287003928 3287723488 0 3286906221 3287527083 3273341387 3281759918 3272610789 3281811507 3273323623 3282455020 3274026499 3273627702 1073741824 3273206983 3282397976 3273307599 3288544662 3273783834 1060320051 3184315597 1077936128 3287798466 3282370119 3287645015 3282078591 3287970067 3282842279 1072064102 3286947949 3287715423 3282614789 3286951370 3287726295 1077936128 3286905520 3287566165 3273144779 3281690173 3272541746 3281874939 3273120935 3282483579 3273894492 3273556554 1073741824 3273399382 3282393300 3273371265 3288541855 3273977402 1076677837 1077516698 1065353216 3287823869 3282434018 3287737355 3282074851 3287996523 3282769729 1061997773 3286938831 3287774643 3282547850 3286972213 3287719631 0 3286869245 3287563008 3273342515 3281749055 3272606561 3281874209 3273313988 3282515882 3273957635 3273747668 0 3273199784 3282425608 3273304129 3288540371 3273848033 1076677837 1063675494 1065353216 3287730365 3282397784 3287676354 3282037385 3287987511 3282772327 1072064102 3286842426 3287705471 3282549230 3287007141 3287784779 1065353216 3286862699 3287498890 3273144545 3281656236 3272739055 3281840534 3273184834 3282417576 3273895661 3273621155 1065353216 3273266907 3282459303 3273369628 3288573571 3273909995 3197737370 1077516698 1065353216 3287825271 3282401718 3287739109 3282077189 3287994067 3282768794 1077097267 3286906763 3287772890 3282547148 3286974669 3287784816 1073741824 3286803709 3287561255 3273341387 3281756411 3272737419 3281843807 3273186704 3282484983 3273829423 3273558659 0 3273200670 3282396339 3273372434 3288574272 3273847499 1071225242 1072902963 0 3287728720 3282402653 3287740160 3282044187 3288033149 3282836434 1061997773 3286873645 3287709107 3282613619 3286971511 3287723138 1077936128 3286872402 3287564411 3273343491 3281691343 3272673286 3281842171 3273316841 3282515880 3273829891 3273688327 1065353216 3273203008 3282461175 3273439139 3288590481 3273972725 1071225242 3184315597 1077936128 3287760087 3282400783 3287740512 3282078124 3287996874 3282771833 1077097267 3286842631 3287746435 3282581553 3286942250 3287790427 1077936128 3286909378 3287596479 3273144779 3281690641 3272609854 3281874471 3273317309 3282482644 3273894258 3273559126 0 3273332911 3282393300 3273373135 3288590832 3273974830 1071225242 1072902963 1077936128 3287822816 3282468189 3287741563 3282013991 3288030695 3282805303 1077097267 3286875048 3287679847 3282613854 3286975720 3287790427 1077936128 3286872752 3287530943 3273340919 3281691576 3272542915 3281873302 3273119999 3282450110 3273825916 3273753396 0 3273397511 3282360298 3273437970 3288558064 3273908592 3197737370 1077516698 1077936128 3287824219 3282464214 3287709498 3282110191 3288033149 3282836667 3192704205 3286905712 3287741175 3282615491 3286943303 3287724541 1065353216 3286906221 3287498175 3273342515 3281683284 3272609622 3281837439 3273315166 3282519178 3273956693 3273745078 1073741824 3273394038 3282360543 3273237651 3288587757 3273976279 1060320051 1063675494 0 3287730719 3282394959 3287709122 3282007442 3287924093 3282771620 1061997773 3286872720 3287735059 3282549701 3286974019 3287719597 1073741824 3286863757 3287600019 3273209146 3281689939 3272607750 3281807298 3273118596 3282484281 3274024395 3273555385 1077936128 3273398447 3282427471 3273303157 3288540453 3273780327 3197737370 1063675494 1065353216 3287759735 3282366143 3287740512 3282075552 3287994770 3282866162 1072064102 3286905360 3287773592 3282545745 3286939445 3287685459 1065353216 3286902362 3287495719 3273140257 3281710166 3272540790 3281801139 3273111966 3282481230 3273885271 3273543761 1077936128 3273327560 3282385542 3273427196 3288567841 3273972983 1071225242 3184315597 1073741824 3287784954 3282458376 3287733063 3282002263 3287949091 3282769031 3192704205 3286896661 3287763943 3282611235 3287005728 3287776304 1065353216 3286891936 3287555243 3273146614 3281749997 3272676571 3281871619 3273249865 3282454819 3273892099 3273746020 0 3273330386 3282361485 3273368959 3288555341 3273845914 1071225242 1063675494 1065353216 3287732485 3282429847 3287677768 3282074155 3287992101 3282838334 1077097267 3286906195 3287769947 3282550643 3287009965 3287754130 1073741824 3286832755 3287600373 3273145480 3281659510 3272739289 3281876575 3273318712 3282485451 3273830359 3273756435 1073741824 3273334314 3282362403 3273370095 3288590131 3273912099 1076677837 1072902963 1077936128 3287762891 3282367079 3287676730 3282044655 3287931338 3282835499 3192704205 3286842631 3287740474 3282613619 3287011645 3287785869 0 3286908325 3287596829 3273277955 3281659977 3272611257 3281911447 3273321751 3282489425 3273896363 3273757605 0 3273268778 3282367313 3273309938 3288544135 3273784535 1071225242 1072902963 1065353216 3287735386 3282371990 3287648170 3282080228 3287936599 3282838304 3192704205 3286942338 3287709810 3282517420 3287010592 3287726995 0 3286810021 3287535851 3273145247 3281692511 3272674455 3281810103 3273252007 3282484749 3273960028 3273754331 1077936128 3273333145 3282394937 3273304559 3288574448 3273846096 1060320051 1077516698 1065353216 3287795659 3282400548 3287642208 3282012588 3287997575 3282869202 1061997773 3286908519 3287742928 3282516485 3287011645 3287787271 1077936128 3286839282 3287596829 3273277019 3281759451 3272545019 3281910279 3273125611 3282519387 3273896363 3273757371 0 3273337119 3282364039 3273305963 3288560519 3273783366 1071225242 1077516698 1077936128 3287763243 3282369651 3287645365 3282110892 3288001083 3282840877 1077097267 3286878906 3287714720 3282614555 3287014451 3287758362 1077936128 3286904117 3287567216 3273208678 3281655301 3272607048 3281906303 3273319179 3282418745 3273960729 3273753630 1073741824 3273401019 3282427705 3273303624 3288559993 3273846798 3197737370 1072902963 1065353216 3287792152 3282367780 3287740512 3282008379 3288028239 3282771833 1061997773 3286842983 3287776749 3282613386 3286978527 3287690019 1077936128 3286801955 3287528839 3273143843 3281656938 3272607048 3281906537 3273185067 3282418043 3273892855 3273753396 0 3273266673 3282362636 3273432358 3288557011 3273909995 1076677837 1063675494 1065353216 3287791451 3282431212 3287673923 3282009782 3287994770 3282865227 3192704205 3286872944 3287771839 3282611281 3286941901 3287751346 1073741824 3286805813 3287494315 3273209847 3281755007 3272540577 3281874003 3273123273 3282485684 3273829190 3273754799 1065353216 3273400551 3282364039 3273371265 3288543083 3273913035 1076677837 1077516698 1065353216 3287795659 3282467020 3287705640 3282041615 3287931338 3282872008 3192704205 3286874698 3287779203 3282548083 3286946109 3287692474 1065353216 3286804058 3287497122 3273341153 3281725046 3272737886 3281843339 3273186939 3282517751 3273828722 3273689731 1065353216 3273399148 3282427003 3273435866 3288557011 3273912099 3197737370 1077516698 1065353216 3287762541 3282431446 3287740512 3282044421 3287963405 3282802497 1072064102 3286875048 3287741175 3282548551 3287010944 3287686863 1077936128 3286873805 3287563008 3273209847 3281658575 3272738587 3281877276 3273253176 3282486151 3273828722 3273558425 1065353216 3273271116 3282396339 3273304794 3288559467 3273781729 1076677837 1072902963 1065353216 3287796362 3282434953 3287704938 3282044187 3287934845 3282839474 1061997773 3286911674 3287778853 3282549019 3286945056 3287724191 0 3286806163 3287495719 3273343023 3281658340 3272543851 3281842404 3273124676 3282417810 3273897064 3273559827 1065353216 3273339926 3282397743 3273241596 3288559993 3273781495 1060320051 1072902963 1077936128 3287828779 3282369885 3287708095 3282010951 3288033851 3282775575 1072064102 3286845787 3287680199 3282613854 3287043360 3287724541 1065353216 3286873805 3287500279 3273340919 3281689238 3272673286 3281904900 3273316841 3282483579 3274024863 3273686457 1073741824 3273200670 3282459303 3273235984 3288573571 3273778455 1071225242 1077516698 1077936128 3287726266 3282465617 3287640104 3282106917 3287994067 3282834797 1077097267 3286841930 3287708407 3282546213 3287009189 3287750645 1077936128 3286902013 3287559851 3273144077 3281689471 3272606814 3281842171 3273255047 3282484749 3273958859 3273687626 1077936128 3273399616 3282364741 3273436333 3288591007 3273847031 1060320051 1077516698 0 3287727667 3282368482 3287642559 3282074149 3287930287 3282770898 1061997773 3286875399 3287742578 3282515315 3286980279 3287755555 0 3286802306 3287495368 3273273980 3281722941 3272541512 3281907239 3273252007 3282451747 3274023226 3273557723 1077936128 3273334314 3282427237 3273302689 3288557011 3273911632 1060320051 1077516698 1077936128 3287824219 3282431446 3287738759 3282042316 3288028239 3282767858 1072064102 3286938128 3287709810 3282612918 3286976071 3287687213 1073741824 3286872050 3287525680 3273343257 3281758047 3272676559 3281878446 3273320115 3282520323 3274026733 3273689964 0 3273400083 3282397509 3273241830 3288576026 3273847967 1076677837 3184315597 1077936128 3287797763 3282435421 3287643962 3282109957 3288001434 3282803899 1072064102 3286942688 3287778853 3282615958 3287043360 3287754855 1077936128 3286810021 3287534800 3273276552 3281758515 3272546423 3281814780 3273255514 3282488958 3273961431 3273757137 0 3273269479 3282365910 3273242999 3288576377 3273980442 3197737370 3184315597 0 3287762541 3282402653 3287647469 3282017732 3287974979 3282873411 1061997773 3286844384 3287748191 3282550655 3287042659 3287794637 1077936128 3286910431 3287501680 3273343491 3281693915 3272741394 3281911915 3273188107 3282486386 3273828722 3273689263 1077936128 3273203008 3282397275 3273308301 3288562098 3273911632 1060320051 1077516698 1073741824 3287827375 3282402185 3287646067 3282078124 3288034202 3282838539 1061997773 3286909920 3287711563 3282518122 3287041957 3287791130 1073741824 3286907624 3287597882 3273340685 3281723175 3272672584 3281810571 3273119999 3282519855 3274022991 3273689497 0 3273398447 3282429809 3273239491 3288574097 3273780794 1076677837 1072902963 1077936128 3287759384 3282368015 3287642559 3282012354 3288029994 3282801562 3192704205 3286907466 3287674586 3282614087 3287006034 3287789024 1065353216 3286839634 3287528487 3273213091 3281746936 3272668801 3281806319 3273181504 3282415459 3273891392 3273680248 0 3273196723 3282358659 3273431670 3288536309 3273977221 1076677837 3184315597 1077936128 3287825843 3282429375 3287672117 3282100802 3287953330 3282770914 1072064102 3286837834 3287763589 3282547582 3286938781 3287749539 1073741824 3286858813 3287561247 3273213120 3281658340 3272543383 3281844743 3273253410 3282420615 3274026265 3273558659 1065353216 3273269479 3282366378 3273307132 3288541680 3273915373 1060320051 1072902963 1065353216 3287731879 3282402653 3287677080 3282112996 3287935898 3282805536 1077097267 3286844384 3287776048 3282547148 3287008138 3287790077 1065353216 3286807917 3287532696 3273344635 3281751410 3272607267 3281842383 3273184800 3282449875 3273896572 3273684957 1065353216 3273395215 3282395666 3273304364 3288539311 3273848503 1071225242 1072902963 1073741824 3287831847 3282432201 3287644293 3282040916 3287926211 3282772327 1061997773 3286844544 3287673408 3282615472 3287040968 3287689301 0 3286895467 3287535189 3273341855 3281657873 3272673753 3281907707 3273120467 3282450110 3273897298 3273557489 1065353216 3273398447 3282395639 3273238790 3288558591 3273845863 3197737370 1077516698 1073741824 3287826674 3282435889 3287707744 3282110424 3287931690 3282869435 1072064102 3286842631 3287708757 3282547616 3286975720 3287688967 1065353216 3286902362 3287597179 3273207441 3281712991 3272606326 3281899914 3273309751 3282516588 3273886213 3273675069 1073741824 3273327325 3282419723 3273296595 3288554106 3273842147 1071225242 3184315597 0 3287786720 3282359131 3287735887 3282036914 3287916677 3282866157 1061997773 3286932607 3287699467 3282610057 3287005375 3287679411 0 3286792925 3287492887 3273275617 3281754306 3272739289 3281873769 3273251305 3282481709 3273958625 3273688327 1077936128 3273331975 3282458368 3273371265 3288540277 3273775182 1071225242 3184315597 1077936128 3287820362 3282467487 3287641155 3282013523 3288026835 3282837135 1072064102 3286871891 3287709459 3282515550 3286973616 3287723488 0 3286870999 3287597882 3273145480 3281658575 3272672350 3281874471 3273318011 3282450344 3273828722 3273623727 1077936128 3273203475 3282393534 3273305495 3288591007 3273780794 1060320051 3184315597 1077936128 3287762891 3282400783 3287703184 3282011887 3287933442 3282867799 1061997773 3286907115 3287740824 3282613854 3287005331 3287788323 0 3286839282 3287496419 3273209847 3281758983 3272608685 3281844275 3273251071 3282484047 3274022758 3273555852 1073741824 3273332677 3282428640 3273308301 3288592936 3273910463 1060320051 1077516698 1077936128 3287825623 3282431679 3287646067 3282078591 3287937651 3282868267 3192704205 3286873995 3287777099 3282614321 3286939095 3287691773 1073741824 3286806163 3287530591 3273274682 3281689939 3272542681 3281841235 3273119999 3282513308 3273828255 3273689497 1077936128 3273200670 3282425600 3273371967 3288589955 3273776819 1076677837 3184315597 1077936128 3287821063 3282401250 3287707043 3282111594 3287931690 3282836200 1061997773 3286938831 3287743631 3282612918 3286974317 3287723138 1065353216 3286870999 3287596127 3273273279 3281720369 3272672584 3281806830 3273189043 3282453150 3273895427 3273688094 1065353216 3273203475 3282362636 3273304794 3288543083 3273847499 1071225242 1063675494 1065353216 3287728720 3282466084 3287740512 3282009081 3287928531 3282772301 1072064102 3286909570 3287774643 3282579916 3287044413 3287789375 1077936128 3286899557 3287496771 3273276319 3281756644 3272741159 3281907239 3273252240 3282484983 3273893323 3273752227 1073741824 3273202540 3282362636 3273303157 3288541504 3273912099 1060320051 1072902963 1077936128 3287828779 3282432381 3287741915 3282075318 3287930637 3282768794 1077097267 3286907466 3287741175 3282546681 3286944355 3287783413 1077936128 3286806514 3287529187 3273145436 3281748820 3272673745 3281905800 3273182446 3282517530 3273959047 3273617303 1073741824 3273331798 3282457435 3273435201 3288589169 3273980282 1060320051 1077516698 0 3287826551 3282431023 3287642173 3282071095 3287926211 3282871102 1077097267 3286907962 3287674467 3282550172 3287043088 3287718538 1065353216 3286866936 3287597901 3273210315 3281756644 3272607515 3281907940 3273185769 3282518686 3273893323 3273557489 1065353216 3273267843 3282363806 3273237387 3288574097 3273977870 3197737370 1077516698 1065353216 3287759735 3282399146 3287675327 3282076487 3288028239 3282768794 1072064102 3286840877 3287742227 3282514380 3287043010 3287720683 1077936128 3286872402 3287561255 3273343257 3281661147 3272675156 3281812208 3273188341 3282485216 3273958391 3273558659 1065353216 3273399148 3282364741 3273243700 3288594339 3273911164 3197737370 1063675494 1073741824 3287760787 3282368950 3287746826 3282047460 3288035955 3282805536 3192704205 3286875399 3287677744 3282549487 3287008488 3287792183 1077936128 3286906221 3287597882 3273278157 3281651929 3272737868 3281870678 3273183152 3282484762 3273890451 3273745549 1065353216 3273199549 3282425138 3273301068 3288555341 3273781555 3197737370 1077516698 0 3287763133 3282362898 3287740832 3282039268 3287956509 3282804153 1077097267 3286905842 3287704411 3282516933 3286975786 3287688947 1065353216 3286831696 3287596488 3273144077 3281724811 3272673753 3281908407 3273254111 3282418979 3273960028 3273558659 0 3273398915 3282428874 3273436801 3288558239 3273911164 1071225242 1072902963 1073741824 3287796011 3282398911 3287675327 3282110658 3288030695 3282867799 3192704205 3286842280 3287774643 3282547850 3287044063 3287720683 1077936128 3286840335 3287531994 3273147791 3281684697 3272604678 3281875622 3273249630 3282482878 3273959047 3273551060 0 3273197665 3282392605 3273240006 3288571549 3273847091 1071225242 1072902963 1077936128 3287731426 3282463320 3287705239 3282008148 3287924800 3282771620 1077097267 3286906901 3287768887 3282614766 3286971901 3287752011 1077936128 3286800341 3287500303 3273147117 3281760152 3272741394 3281815949 3273124676 3282423655 3274025798 3273691601 1077936128 3273335015 3282402185 3273243934 3288576552 3273848902 1071225242 1077516698 1065353216 3287731176 3282467955 3287714058 3282049097 3287971472 3282773938 1072064102 3286942688 3287682303 3282550422 3286980981 3287729802 1065353216 3286909378 3287568269
OUT Y1 18080 64 16256 16384 16448 0 16384 16448 16448 0 16384 16448 16384 16448 16448 16384 16256 16256 16256 16384 16256 0 16384 16384 16256 16256 16448 0 16448 16448 16384 0 0 16448 16384 0 16448 0 0 0 16384 16384 16448 16448 0 16384 16384 16256 16384 16256 0 0 16384 16448 16256 16256 16384 16448 16256 16256 16384 16384 16256 16256 16384 0 16256 16384 16448 16384 16384 16384 16448 16256 16448 16448 16448 16256 0 16384 16384 0 0 16384 0 16448 16384 16384 16384 16384 16384 16448 16448 16384 16448 16384 16448 16448 0 0 0 16256 16256 16256 16256 16448 16384 16256 16256 16448 16448 16256 0 16448 16256 16448 16448 16384 16384 16448 16256 16384 16256 16448 16384 16384 16384 0 16384 16256 0 0 0 16448 16256 0 0 16256 16448 16256 16256 16256 16448 0 16448 16256 16256 16384 16384 16384 0 0 16384 16384 0 16256 0 16448 16384 0 0 16448 16448 0 16256 16384 16256 0 16256 16448 16256 0 0 0 16384 0 16256 16448 16384 16448 16384 16448 16448 16448 16256 16384 16256 16256 16384 16448 16448 0 16384 16384 16384 16384 16256 16256 16256 16448 16384 16256 16384 0 16384 16256 16384 16256 16448 16384 16448 16384 16448 16384 16448 16384 16256 16448 16448 16448 0 16256 16384 16448 16448 16384 0 0 16448 16256 0 16256 16448 16448 16384 16384 16256 0 0 0 0 0 16384 16448 16448 16256 0 16384 0 16448 0 16256 16256 16384 16384 0 16448 16448 16256 16384 16384 0 16448 16384 0 16256 16384 16448 16384 16448 16448 16448 16256 16384 16256 16384 16256 16448 0 0 16384 16256 0 0 16256 16448 0 16256 0 16448 0 16448 0 16256 16448 16384 16384 16448 16384 16448 16448 16256 0 0 16448 0 16448 16256 0 0 0 0 16448 16384 0 16384 0 0 0 16256 16384 16256 16256 16256 0 16256 16448 16384 0 16384 16384 16384 16256 16256 16448 0 16384 16448 0 16384 16448 16448 16384 16448 16448 16256 16256 16384 16256 0 0 16448 0 0 16256 16256 16256 16448 16256 16256 0 16448 16256 16384 16448 16448 0 16256 16384 0 16384 16256 0 0 16256 16448 16448 16448 16256 16448 0 16448 0 16256 0 16384 16384 16384 16384 16256 0 16448 16384 0 16384 0 16384 16384 0 16448 16384 16448 16256 16384 0 16384 0 0 16384 16384 16256 16448 16256 16448 16448 0 16448 0 16256 0 16448 16384 16384 16256 0 16384 16448 16384 16256 16256 0 16384 0 16256 16256 16256 16448 16384 16256 16256 16384 16384 16256 16384 16256 0 16384 0 16256 16384 0 0 0 16448 16448 16448 16448 16384 16256 16256 16256 16256 16256 16384 0 16448 16384 16256 16256 0 16384 16256 16256 16384 16384 16384 16384 0 16384 16448 16256 16448 16256 16448 0 0 16384 16448 16384 0 0 16448 16448 0 0 0 16448 16448 16256 16448 16256 16256 16448 16256 0 16384 16256 16448 0 0 0 0 16256 16256 16256 0 16448 0 16448 16448 16384 16384 16256 0 16384 0 0 0 0 16448 16384 0 16448 16256 16448 16448 16384 0 16384 0 16256 16256 16256 16448 16448 16448 16256 16384 0 0 0 16384 16384 16384 16448 16384 16256 16448 0 16256 16256 16384 16256 0 16256 16448 16448 16384 0 16448 16256 16256 16256 16448 0 16448 0 16256 16448 16256 16448 0 16384 0 0 16384 0 16448 16256 16384 16384 16448 16448 16384 16384 16384 16448 16448 16384 16256 16256 0 16448 16384 0 16384 16256 0 0 16384 16448 0 16448 16384 16448 16256 16384 16256 16384 16448 16384 16384 0 16448 16384 16448 0 0 16448 16256 16384 16384 16384 16448 16256 16256 16256 16448 16384 16384 16256 16384 16256 16448 16384 0 16256 16448 16448 16256 16384 16448 16384 16448 0 16256 16384 16384 0 16384 16448 16384 16256 16384 16448 16448 16448 16256 0 16448 16448 16256 16384 16384 16256 16256 16384 0 16256 16384 16256 16256 16448 16256 16256 16448 16448 0 16448 16384 0 0 0 16256 16448 16256 0 0 16384 16384 16384 0 16448 16448 16384 16448 0 16256 16256 0 16256 16384 16448 16384 16448 0 16384 16384 16256 16256 16384 16256 16384 16448 0 16256 16256 16256 16384 16384 16256 0 16256 16448 16256 16448 0 16448 16448 16384 16384 0 16256 0 16384 16384 16384 16256 16256 16448 0 16256 0 16448 0 0 16448 16384 16256 16256 16256 16384 0 16384 16448 16384 16256 0 0 0 0 16384 16448 0 0 0 16448 16448 16256 16256 16448 0 16256 0 16448 16256 16256 16256 16384 0 16384 16384 16256 16256 16448 16448 16448 0 16384 16448 0 0 16256 16384 16256 16256 16384 16256 16448 16256 0 16256 16448 0 16256 16448 16256 16448 0 16448 0 16384 16256 16256 16448 16448 16384 0 16448 16384 16448 16448 16448 16448 16448 0 16384 16384 16448 16384 0 16256 16256 16448 16256 16256 0 0 16256 16448 16384 0 16256 16384 16384 0 16384 16384 0 16384 16448 16384 16448 0 16384 0 16256 16256 16256 16384 0 16384 16256 0 0 0 16448 16384 16384 16256 16448 16256 0 16256 16256 16384 16256 0 16384 0 16448 16384 16256 16384 16384 16384 0 0 16384 16448 16448 16256 0 16384 0 0 16256 16448 16256 16448 0 16256 0 16448 0 0 0 0 16448 16256 16448 0 0 16256 16448 0 16384 16448 16256 16256 16448 0 16384 16384 16384 0 16448 16448 16384 0 16448 0 16256 0 16256 0 16256 16448 16256 16256 16384 16256 0 16384 16256 16256 16256 16448 0 16448 16384 0 0 16256 16256 0 16448 16256 16384 16256 16384 16256 0 16448 16256 0 0 0 16384 0 16256 16256 0 16256 0 16256 16384 16448 16384 16256 16256 16448 16448 0 16384 16448 16448 16384 16384 16384 16256 16384 16384 16256 16256 16256 16448 16384 16448 16256 16448 16384 0 16448 0 16256 16256 16384 16448 16448 16256 16256 16384 16256 16384 16384 16256 16384 16256 16448 16256 16384 16448 16384 16384 0 16256 16384 16384 0 16384 16256 16256 16256 16384 0 16256 0 0 16256 16256 16448 16256 16448 0 16448 16448 16384 0 16256 16448 16256 16256 16384 0 16256 0 16448 16256 16256 16448 16256 0 16256 0 0 0 0 16384 0 16384 0 16256 16448 16256 16256 0 0 16384 16384 16256 16384 16448 16448 16448 16256 0 16384 16256 16384 16256 16448 16256 16384 16448 0 16384 16256 16256 16448 16384 16256 16448 16256 16256 16256 16384 16448 16384 16384 16448 16448 16256 16256 16384 16384 16384 16256 16384 16384 16384 16448 0 16384 0 16448 0 0 0 16256 0 16448 16448 16448 16256 16448 0 0 16384 16256 16384 16384 0 16448 16448 0 16384 0 16448 16448 16384 0 16384 16384 16384 16448 0 16384 16384 16448 16448 16384 0 0 16448 16256 16448 16256 16448 0 16384 16448 0 0 0 0 16384 16448 0 16384 16448 16448 16448 0 16384 0 0 16384 16256 16384 16448 0 0 16448 0 0 0 0 0 0 0 0 16256 0 16384 16448 16384 16256 16384 0 16384 16256 16256 16256 0 0 16448 16256 16448 16384 16256 16448 16384 16384 16256 16256 16256 0 0 0 16256 16256 16448 16384 0 0 16448 16384 16448 16256 0 16448 16448 16448 16256 16448 16448 0 16256 0 16448 16384 16384 0 16448 0 0 16256 16448 16256 16448 16384 16384 16256 16256 0 16448 16256 16384 16448 16448 16448 16384 16384 0 16448 0 16256 0 16384 0 16256 16256 16384 16384 16448 16448 16448 16448 16384 16256 16256 0 16384 16448 16384 16256 16256 0 16256 16256 0 16448 0 16384 0 0 0 16384 16448 16384 16448 16256 16448 16256 16256 16256 0 16448 16448 16448 16256 0 16384 16384 0 16256 16256 16256 16384 16384 16256 16384 16384 16448 16384 16384 0 16448 0 16448 16448 16256 0 16256 16256 16448 16448 16384 16256 16448 16384 0 0 16256 0 16256 0 16384 16384 0 0 16384 16384 16256 16256 16448 16384 16448 16256 16448 16384 16448 16256 16384 16256 16384 16384 16256 16256 16448 16384 16384 0 16256 16448 16384 16256 0 0 16384 16448 16384 16256 16384 0 0 16256 16384 0 16448 16384 16384 16448 16384 16256 16448 16384 16448 0 16256 16448 0 16448 16384 16448 0 16384 16384 16256 16448 16384 0 0 0 16384 16384 16256 16256 16256 16448 16384 16256 0 0 16256 16448 16384 0 16448 16384 0 16256 16448 16384 16384 16256 16256 16448 0 16256 0 0 16448 16448 0 16256 16256 16384 16448 0 16256 16384 0 16384 16256 16384 16384 16448 16384 16256 16448 16384 16448 0 16448 0 16256 16256 0 0 16384 16384 16384 0 16256 0 16448 16448 16384 16256 16384 16384 16256 16448 0 16256 16448 0 16448 16384 16448 16448 0 16384 16384 0 16448 16384 16256 16448 16384 0 16256 16256 0 0 16256 16384 16384 16256 16384 16448 16384 0 16384 16256 16448 16256 16256 16448 16384 16384 16448 0 0 16256 16448 16256 0 16256 16384 16448 0 16256 0 0 16448 0 16448 16448 16384 16256 16256 0 0 16256 16448 16448 0 16256 16256 16448 0 16384 16256 0 16256 0 16384 16256 16448 16448 0 0 0 16256 0 16384 16384 0 16384 16448 0 0 16448 16448 16448 16384 16256 16384 16448 16256 0 16448 16384 0 16384 16256 16384 0 16256 16448 16384 16448 16384 16448 16384 16256 16256 0 16448 16256 16448 0 16384 0 16256 16448 16448 16256 16256 16256 16256 0 0 16384 16384 16256 0 16448 0 16256 16448 16256 16448 16384 0 0 16448 16448 16384 16256 16384 0 16384 16256 0 16384 16384 16256 0 16256 16256 0 16448 0 16384 16448 16448 16384 0 16384 16448 0 16256 0 16448 16256 16448 16256 16448 16256 16448 16256 16256 0 16256 16384 0 16448 0 0 16448 0 0 16448 16384 16384 16384 16448 16256 0 16256 16256 16448 16448 16448 16448 16384 0 16256 16384 16448 0 16256 0 16448 16256 0 16384 16448 16256 0 0 16384 0 16448 16384 0 0 16384 16256 0 0 16448 16384 0 16256 16448 16448 0 16256 0 16384 16448 16384 16384 0 0 16384 16384 16256 16256 16256 0 16256 0 0 16448 16256 16256 16384 16448 16256 0 16448 16384 0 16384 0 16384 16256 0 16384 16448 16256 16384 16448 16448 16384 16448 16256 0 16384 16384 0 0 16384 0 0 16384 0 16256 16384 16448 16384 16448 0 16448 16384 0 0 16384 16256 0 16256 16384 16256 16384 16448 16448 16256 0 0 16448 16448 16256 16384 16256 16448 16256 16384 16256 16448 16384 16384 0 16256 16448 16256 16256 16384 0 16256 16448 16448 16448 16384 16384 16256 16384 16384 16448 0 16448 0 0 16384 16384 16256 16256 16384 16448 0 16256 16448 16384 16384 16384 16384 16384 0 0 0 16384 16448 16256 16384 16448 16256 0 0 0 0 16384 16384 0 16448 16256 0 0 0 16384 16384 16448 16448 16384 16448 16384 16384 16384 16448 0 0 16448 16384 16448 16256 16448 16256 16384 0 16448 16256 16256 16448 16256 16384 16448 16384 16448 0 0 16384 16448 16256 0 16448 0 16256 16384 16448 16384 16256 16384 0 16448 0 16256 0 16384 16384 16256 16384 16384 16384 16448 16384 16256 0 0 16256 0 16448 16384 16448 16448 0 0 16384 16448 16384 16384 0 16448 16448 16448 16384 0 0 16256 16448 16448 0 16256 16256 16384 16256 0 16448 16256 16256 0 16256 16448 16384 16448 0 16256 16384 16256 16256 0 16256 16384 16384 0 0 16448 16384 16256 16384 16448 16256 16448 0 16256 16384 0 16448 16448 16448 16384 16256 16384 16384 0 16256 16448 16256 16256 16448 16448 16448 16384 16256 16256 16256 16384 16448 0 0 0 16384 16384 16448 16256 16448 16384 0 0 16256 16256 16384 16384 16256 16384 16448 16256 16384 16384 0 16384 0 16448 16256 16384 16448 16256 16384 0 0 16256 16448 16256 16384 16256 16256 0 16448 0 16448 16384 16384 16256 16448 16448 16256 16384 16384 0 16256 0 16448 16448 16384 16448 16384 16448 16384 16448 16448 16256 16384 16448 0 16384 16384 16448 0 16256 16384 16448 16256 0 16256 16384 16448 16448 16384 16448 0 16384 16256 0 16384 16384 16384 16384 16256 0 16448 16448 0 16448 16256 0 16256 16384 16256 0 16448 16256 16256 16256 0 16448 16448 16384 16384 16384 16448 16384 0 16384 0 16448 16448 16256 16384 0 16448 0 0 16384 16384 16256 16256 0 16448 16256 0 16448 0 16256 16256 16448 16256 0 16448 0 16384 16448 16384 16256 0 16256 16448 16384 16384 16448 0 16384 0 16448 16256 16448 0 16256 16256 0 0 16448 16448 0 16256 16448 16448 16384 16448 16448 16384 16384 16256 0 16448 16384 0 16256 16256 16448 16256 16384 0 0 16384 16384 16448 16256 16256 16256 16448 16384 16256 16384 16448 0 0 16256 16384 0 16448 16256 16256 16256 16448 0 16384 16384 16384 16384 16384 16384 16448 16448 16256 0 0 16256 16384 16256 16448 16256 16384 16384 16384 16384 16384 16384 0 16256 16384 0 16384 16256 16384 16256 16448 0 16256 16448 16256 16256 16384 16384 16384 0 0 0 16384 16384 16384 16256 0 16256 0 16448 16256 16448 16384 16384 16384 16384 16448 0 16256 16384 16448 16448 16256 16384 16448 16448 0 16448 16448 0 0 16256 0 0 16256 16384 16256 16384 0 16256 0 0 16384 16384 0 0 16448 16448 0 16384 16256 16384 16448 16384 16384 16256 16256 16256 16256 16256 0 16384 16256 0 16448 16448 16448 16448 0 0 16384 16256 16448 0 16256 16384 0 16448 0 0 0 16256 16384 16256 0 0 16256 16256 16384 16384 16384 0 16448 0 0 16256 0 16256 16448 16256 16384 0 16384 16384 16448 16448 16384 16448 0 16448 16256 16256 16448 16384 16448 16448 16448 16384 16384 0 16256 16256 16256 16384 16256 16448 16256 16384 16384 0 16256 16256 16256 16384 16256 0 16448 16256 16256 16384 0 0 16384 16448 16256 16256 16448 0 0 16256 16448 16256 16256 16384 16448 16384 0 16448 16256 0 16448 16256 16384 0 16448 0 16448 16384 0 16448 16384 0 0 16384 0 16384 16256 0 16448 16448 0 16384 16448 0 0 16256 16384 0 16384 16256 16256 16256 16384 16384 16256 16256 16384 16256 0 16384 0 0 16384 16256 16384 16256 16256 16448 16448 0 16448 16256 16384 0 0 16256 16384 16256 16384 16256 16256 16384 16256 16448 16256 16256 16384 16448 16384 16384 0 16384 16256 16384 16384 16448 16448 0 16384 16384 16384 16256 16448 0 0 0 16256 0 0 16384 16256 16256 16384 16384 16448 16256 16384 0 0 16448 16256 0 0 16256 16448 16384 16448 16448 0 0 16384 16448 16448 16384 16448 16448 16384 0 16448 16448 16384 0 0 16448 16384 16448 0 16256 16384 16448 16256 16256 16384 16384 16256 16448 0 16256 16448 16256 0 0 16256 16448 0 16384 16256 16384 0 16384 16448 16256 0 16256 16256 16448 16448 16448 0 16448 16384 16256 0 0 16384 0 16256 16256 0 16448 16384 16384 0 16256 0 16384 16256 16448 0 0 16448 16256 16448 16448 16256 0 0 16256 16448 0 0 16448 16256 0 16384 16256 16384 0 16448 16448 0 16448 16384 16256 16256 16448 0 16256 16384 0 0 16384 0 16256 16256 0 0 16384 16256 0 0 0 16384 0 0 16448 0 16448 16448 16256 0 16448 16448 16384 16384 0 16448 16384 16256 0 16256 16256 16384 16256 16256 0 0 16256 0 16448 16384 16448 16448 16256 0 0 16384 0 16448 16448 0 16256 16256 16256 0 16384 16448 0 16256 16384 16448 16384 16256 16448 16256 16448 16384 16256 16448 16256 0 0 16256 16256 16448 16448 16448 16448 16384 16256 16256 16384 16448 16448 16448 16256 0 0 16384 16448 16448 16256 16448 0 0 0 16384 16256 16384 16448 16384 16384 0 0 16448 16448 16384 16384 16384 0 0 16384 16448 16384 16384 0 16256 16448 16256 0 16448 16448 16256 0 0 0 0 0 0 16384 16256 0 16256 0 16384 16256 16384 16384 16256 16448 16256 0 16448 0 16384 0 0 16384 16448 16384 0 16448 16384 16448 16384 0 16256 16256 16448 16448 16448 16256 16384 16448 16256 16256 16384 16448 0 16384 0 16384 16384 16384 0 16448 0 16256 16384 16448 0 16384 16448 16256 16384 16384 0 16384 16448 16256 16256 0 16448 0 0 16256 0 16448 16448 16256 16256 0 16256 16384 16384 16384 0 16256 16448 16256 16448 16256 16256 16256 0 0 16256 16448 16448 0 16384 16256 16384 16384 16384 0 16384 16384 16256 16256 16384 16256 0 16448 16256 16384 16448 16384 16448 0 16256 16384 16384 16256 16256 16448 16384 0 16384 16256 16256 0 16384 16384 16256 16448 0 0 16256 16384 16256 0 0 16384 16448 0 16384 0 16448 16384 16384 0 16448 0 16448 16384 16384 0 0 16448 16448 0 16384 16448 16448 16256 16448 16384 0 0 0 16384 16256 16384 16384 16256 0 0 16256 16384 16448 16448 16448 16256 16256 0 16384 16384 16256 0 16448 0 0 0 16256 16256 16256 16256 16384 16256 16256 16384 16384 16384 16384 16384 16384 16384 16256 0 0 16256 0 16256 16448 16448 16384 0 0 16448 0 16256 16448 0 16256 16384 16448 16256 16256 16384 16384 0 16448 16256 16256 16448 16384 16384 16384 16448 0 16256 16384 16448 0 16448 0 16448 0 16384 16448 16256 16448 16384 0 16256 16384 16384 0 16256 16256 0 0 16448 16256 16448 16384 16448 16384 16384 16448 16448 0 0 16384 16256 16448 0 16448 16384 0 16256 16384 16448 16448 0 16256 0 16256 16256 16448 16384 16448 0 16448 16448 16384 16384 0 16256 16256 16384 16256 0 16256 16256 16384 16256 0 16384 0 16384 16448 0 16256 0 16384 16384 0 16448 0 0 16384 16448 16448 0 16448 16448 16448 0 16384 0 16384 0 16256 16448 16448 16448 16448 16256 16256 16256 0 16256 16384 16384 16256 16256 16256 16384 16448 0 16448 16448 0 16256 16448 16384 16384 0 16384 0 16256 0 16256 16384 16384 0 16448 16384 16384 16448 16256 16384 0 16384 0 0 16256 0 16448 0 0 0 16448 0 16384 0 16256 0 16384 16384 16256 16256 16448 16256 16448 16384 16384 0 16448 16448 16448 0 16256 16384 0 16448 0 16448 16448 16384 0 16448 16384 16384 16384 16256 16256 0 16384 16448 16384 16448 16256 16448 16384 0 16256 16384 0 16384 16448 16256 16384 16256 16384 16448 16384 16448 16448 16384 16384 0 16256 0 16384 0 0 0 16256 16384 0 0 16384 16256 16448 0 0 16448 16384 16448 16448 16256 16256 16448 16384 0 0 16256 16448 16384 16448 16448 16448 16384 16256 16384 16384 16256 16448 16384 16256 16448 16448 16384 16448 16384 16256 16256 16256 16256 16448 16448 16384 16256 16256 16256 16256 16256 16448 16256 16256 16448 0 16384 16448 16448 16448 16384 16256 16384 16448 16448 16448 0 16256 0 16256 16256 16448 16384 0 0 16384 16384 0 16448 16384 16384 16256 16384 16384 16384 0 16256 16448 16448 16256 0 0 0 0 0 16448 16256 16384 16448 16448 16448 0 16448 16256 16256 16256 16448 16384 0 0 16384 16256 16384 16448 16448 16256 16448 16256 0 16384 0 16256 16256 16256 16448 16384 16384 16448 0 0 16384 0 0 16448 16448 16384 0 16448 16256 0 0 16384 16256 0 0 16256 16384 16256 16384 0 16448 0 16448 16256 0 16384 16448 16256 16448 0 16448 16256 16384 0 16448 16384 16448 0 16256 0 16256 16448 0 0 16384 16448 0 0 0 0 16256 16384 0 16384 16448 16448 0 0 16256 16256 16448 0 16384 0 16448 16384 16256 16448 16384 16448 0 16256 16384 16256 16448 16384 16256 16384 16384 16448 16256 16256 0 16448 16256 16384 16384 16448 16448 0 16384 16448 16256 16384 16256 16448 16256 16448 16448 16448 16256 16448 16448 16384 0 0 16448 0 0 16256 16384 16256 16256 16384 0 16384 16256 16384 0 16384 0 16448 16448 16448 16256 16384 0 16256 16256 16448 0 16256 16256 16384 16384 16256 0 16448 0 0 0 0 16256 16384 16256 16448 16384 0 16448 16448 16448 16384 16448 16256 16448 0 0 16256 16384 16384 16256 16448 0 16256 16256 16256 16448 16448 0 16448 16256 0 16384 16256 16448 16384 16384 16384 16448 16256 0 0 16384 0 16256 0 16384 0 16384 0 16384 16256 16448 16256 16256 16384 16256 16384 16384 16384 0 16256 16384 0 0 0 16256 16256 0 16384 16448 0 16384 16384 16384 16256 0 16448 0 16256 16384 16256 16256 0 16448 16384 16384 16448 16448 0 16256 16448 16448 16448 16384 16384 16448 16448 16384 0 16384 16256 16256 16448 16384 16384 16448 16448 0 0 16384 0 16384 16448 16256 16448 16256 16384 0 16384 16448 16448 16384 0 16256 0 16384 16448 16256 16448 16256 0 0 16256 16448 16448 16448 16448 0 0 0 16384 16448 16256 16256 16256 16256 16384 16448 16448 16256 16384 16256 16448 0 16256 16448 16384 0 16256 16256 16384 0 16448 16256 16384 16448 16384 16256 16256 16384 16256 16256 16256 16448 16256 16384 0 16448 16448 0 16384 0 16448 0 0 16448 0 16448 0 16256 16384 16384 16448 16448 16448 0 16384 0 0 16256 16256 16256 16384 0 0 0 16384 16448 0 16256 0 16256 16448 16384 0 0 16256 16384 0 16384 0 0 16256 16256 16448 16256 16384 16384 16448 0 0 0 0 16384 0 16256 16256 16448 16256 16448 0 0 16384 0 16448 16256 16448 16384 16448 16448 0 16256 16256 0 16256 0 16448 16256 0 16256 16256 16448 16256 16384 16256 16256 0 16256 16384 16448 16448 16256 0 16256 16256 0 0 16256 16448 16256 16448 16384 0 16448 16256 0 0 0 0 16384 16256 16256 16256 16384 16448 0 0 16384 16384 16384 0 16448 0 16448 16384 16256 16448 16384 0 0 16256 16448 16448 0 16384 16384 16256 16256 16384 16256 16384 16448 16448 16256 0 16448 16448 16448 0 0 16256 16256 16256 16256 16448 16384 0 16448 16384 16448 0 0 16256 16384 16256 16384 0 16256 16448 16256 16448 16448 16384 16256 16448 16384 0 16448 16256 16448 16256 16256 16256 0 16256 16256 0 0 16384 16384 0 16448 16384 16256 0 16256 16384 16256 16448 0 16448 16384 16448 16256 16448 16448 16256 16448 16448 16256 16448 16256 16256 16448 0 0 0 16256 16448 16384 0 16448 16448 16256 16448 16256 16384 0 16256 16256 0 0 0 16448 0 16256 16448 0 16448 16256 16448 16384 0 16256 16448 16448 16384 16256 16256 16448 0 0 16256 16384 0 16448 16384 16256 16384 16256 0 16256 16256 0 0 16448 0 16384 16384 0 0 16448 16256 16448 16384 0 16448 16384 16384 16256 16448 0 16256 0 0 0 16256 0 0 16256 16448 16256 16448 16384 16384 0 0 16384 16384 16384 16384 16448 16384 16448 0 16256 0 16256 16256 16448 16384 16256 16256 16384 16448 16448 16384 0 16448 16256 16448 0 16384 0 16384 16256 0 16384 16384 16448 16256 16384 0 16448 0 16256 16256 0 16256 0 16256 16448 0 16384 16256 16384 16448 16448 16384 16448 16256 16448 16384 16256 16384 16384 16384 0 16384 16256 16256 16448 0 16256 0 16256 16384 0 16256 16256 0 0 0 16256 16256 16384 16384 16256 16384 0 0 0 0 0 16256 16448 16256 0 0 16384 16256 16256 0 0 16256 0 0 16448 16448 16448 0 16256 16256 16256 16448 0 16448 0 0 0 16448 16256 16384 16448 16384 16448 0 16384 0 16448 16256 16384 16384 16448 16448 0 16448 16256 16256 0 16384 16256 16256 16384 16448 16384 16448 0 16448 16256 0 16448 0 16384 16256 0 16448 16384 16256 16448 16384 0 16448 16448 16256 0 16448 16448 16448 0 16384 0 16384 16384 16448 16384 16448 16448 16384 0 16448 16256 16256 16448 16448 0 16448 16384 0 16384 16384 16256 16256 16448 16384 16448 0 16384 16256 16256 16448 16384 16256 16256 16448 0 16448 16448 0 16448 16256 0 16256 16448 0 16448 16448 16384 0 0 16384 16448 16448 0 0 16256 16448 0 0 16256 16256 16384 16448 16256 16384 16256 16384 0 0 16256 16384 16448 16448 0 0 16256 16384 16448 16448 16384 16384 0 16256 16448 0 16448 0 0 16384 16384 16448 16384 16256 16384 16256 16448 0 16256 16384 16384 16384 16256 0 16448 16256 0 16448 16256 16384 16256 16448 16256 0 0 0 16448 16384 0 16256 0 0 16448 0 16448 16448 16384 16384 16256 16448 16256 0 0 16448 16448 16256 16256 16256 0 0 16256 16448 0 16256 16384 16448 16448 16256 16256 16448 16256 16448 16256 0 16384 0 16448 0 16256 16448 0 16256 16384 16256 16448 16448 16256 0 0 16384 16256 16384 16384 0 0 16256 16384 0 16448 0 16448 0 0 16384 16384 0 16256 16384 16448 0 16384 0 16384 0 16448 16448 0 0 16256 0 16448 16448 16256 16256 16384 0 0 16384 16256 0 16256 16384 16448 16384 16256 0 16256 16448 0 16256 0 0 16448 16384 0 0 0 16256 16256 16256 16384 16384 16256 16384 16384 16384 16384 16448 0 16448 0 16384 0 16384 16384 0 0 16384 16256 0 16448 0 16448 16384 16384 16256 16384 16256 16384 0 16384 0 16384 16448 0 16384 16384 16384 16384 16448 16448 0 16448 16256 16256 16256 16384 16256 16384 16256 16384 16256 16384 16256 16384 16448 16448 16384 16256 16256 16384 16448 16256 0 16448 16384 16256 16384 16448 16256 16256 0 0 16448 16256 16256 16256 16448 16256 16256 16448 16384 0 16256 16448 16448 0 16256 16448 16384 16448 0 16448 16384 16448 16448 16448 16384 0 16384 16384 16448 0 0 16448 0 16256 16256 0 0 16384 0 16448 16448 0 16256 0 16448 0 16448 16384 16384 16384 0 16384 16448 16384 16384 0 16384 16448 16448 16256 16384 0 0 16448 0 16256 16256 16448 16256 0 16384 16256 16384 0 16256 16384 0 16384 0 16384 0 0 16256 16384 16384 16384 16448 16448 16384 0 16256 16384 16256 16448 16256 16448 0 0 16256 16448 16384 0 16448 16256 0 16448 16384 16256 16448 16256 16448 0 16256 16256 16384 16256 16448 16256 16384 0 0 16448 16256 16384 0 16256 16384 16384 16256 16384 16384 16448 16384 16384 16448 0 16256 0 16448 16256 0 16448 16256 16256 16256 16448 16384 16448 0 16256 16256 16448 16448 16448 16384 16256 16448 0 0 16384 0 16384 16384 16256 0 16448 16448 16256 16384 16448 16448 0 16256 16256 16384 16448 16256 16256 16384 16448 16384 0 16384 16448 16256 0 0 16256 16256 16256 16448 0 16448 0 16448 0 16448 0 16384 0 0 16448 16256 16256 16448 0 0 0 0 0 0 16384 0 0 0 16448 16384 16256 0 16448 0 16384 0 16256 16448 16448 16448 16384 16448 16448 16384 0 16448 16384 0 0 16384 16256 16384 16256 0 16384 0 0 16448 16256 16448 16256 16256 16448 16256 16448 0 16448 16384 16256 16256 16256 16448 16384 16384 0 16448 16384 16384 16256 16256 16448 16384 16384 16384 0 16256 16384 16384 16384 16384 0 16256 0 16256 0 16384 0 0 16384 0 16448 16448 16448 16448 0 16384 16448 0 0 16256 16256 16384 16256 16256 16384 0 16448 0 16256 16384 16256 16384 0 16256 16256 0 16256 16384 16448 16256 16256 16256 16256 16256 0 16448 16256 16448 16448 0 16256 0 16256 16384 16384 16448 16448 0 16256 16256 16384 16448 16256 16448 0 16256 16384 0 16384 0 16448 0 0 0 16448 16384 16448 16384 0 0 16448 16384 0 16384 16448 16256 0 16448 16384 16448 16384 16256 16256 16384 0 16384 16256 16384 16384 16384 0 16448 16256 0 0 16384 16448 0 0 16256 16448 16256 16256 16384 0 16384 16448 0 16384 16384 0 16384 16448 0 0 16384 16448 0 0 0 16384 16384 16448 16256 0 16256 0 16448 16256 16384 0 16384 16256 16256 16384 16384 0 0 16256 16448 16448 16256 0 0 16384 16384 0 0 16384 16448 16384 16448 0 16448 16448 0 16256 16384 16384 0 16256 16384 0 16256 16384 16384 0 16384 16448 0 0 16256 16256 16448 16448 0 16448 16384 0 16448 16448 0 0 16448 16256 16256 16256 16384 16256 16256 16256 16448 0 0 16448 16384 16448 16256 16448 16256 16448 16384 16448 16384 16448 16448 0 0 16256 16384 16256 16384 16384 16256 16384 0 16448 16448 16384 16384 16384 16384 0 16384 16256 16384 16448 16448 16256 16448 0 0 16448 0 16384 16256 16384 0 16448 0 0 0 16384 16448 0 0 16384 16448 16384 16448 16256 16384 16256 16256 16256 16448 16448 16448 16448 0 0 16448 16384 0 16256 16256 16448 16256 16384 16256 16256 0 16448 16384 16384 16256 16384 16256 16448 16256 16448 16384 16256 16384 0 16384 16256 0 0 16256 0 0 16384 0 16448 16256 16256 16384 16448 16448 16384 0 16256 16256 16256 0 16256 16448 0 16384 16384 16448 0 16256 16384 0 16384 16384 0 0 0 16448 16384 16384 16384 16448 0 16256 0 16448 0 16448 16256 16448 16256 0 16384 16384 16256 16256 16384 16448 16384 0 16448 0 16256 0 16384 16448 0 16448 16384 16448 0 0 16384 0 16256 16256 16384 16384 16448 16256 16256 16256 16256 16448 16448 16384 0 16448 0 16256 16256 16448 0 0 16256 16256 0 16256 16256 16384 16448 16448 16256 16384 16256 16384 16384 0 0 16256 16256 0 16448 16256 0 16384 16448 16384 16448 0 16448 16384 16256 16384 0 16256 16384 16384 16256 0 16448 0 16448 16384 16384 16448 16256 0 16256 16256 16448 16256 16384 16448 16448 16384 16384 16256 16256 0 0 16256 0 16448 16256 16256 16384 0 16448 16448 0 16256 0 16256 16448 16256 16448 16448 16384 16384 16256 16256 16448 0 16256 16384 16384 0 16384 16448 16448 16256 16384 16256 16384 16256 16448 16256 16384 16448 0 0 16384 16384 16448 16448 16384 16448 0 16256 16384 16384 0 0 16256 0 16384 16448 16448 0 0 16256 0 16448 16384 16448 16256 16448 16256 0 0 16256 16448 16256 16448 16384 16256 16384 16384 0 16448 16256 16384 16384 16448 16256 0 16448 0 16256 16256 16448 16448 16448 16256 0 16384 16256 16448 16256 0 0 16448 16256 16256 0 16256 16256 16256 16256 0 16384 0 16448 16448 16384 16256 16256 16448 0 16448 16448 16256 16384 16256 16448 0 0 16384 16256 16384 0 16448 0 16384 16256 16448 16448 16256 0 16384 16448 0 16384 16384 16448 16448 0 16256 16384 16256 0 0 0 0 16448 16256 0 16384 16384 16256 16448 0 16384 16448 0 0 0 16256 16384 16448 16448 16256 0 16256 0 16448 0 16448 16256 16256 16256 0 16384 16384 16384 16256 16256 16384 16256 16448 0 0 0 0 0 16384 0 16256 16448 16384 0 16384 16384 0 0 16256 0 16448 16448 16256 0 16256 0 16384 16256 16448 16256 16256 16448 16256 16448 16384 16448 16384 0 16448 16448 16384 0 16384 0 16256 0 16256 16448 16448 16448 16448 16448 16256 16384 16256 0 0 0 16448 16384 16448 16384 16384 16448 16384 16448 16448 16256 16384 16384 16448 16448 0 0 0 16256 0 16448 16256 0 0 16256 16384 0 16256 16448 16256 16256 16256 16384 0 16448 16256 16384 0 16448 0 0 16256 16384 16384 0 16448 0 0 16256 16256 16256 16256 16256 16448 16256 16448 16384 16448 0 0 16384 16448 16256 16256 16384 16256 0 0 16448 16256 16384 0 0 16256 16384 16256 0 16384 0 0 16384 16448 0 0 16384 0 16384 16448 0 16256 16384 16256 16384 16384 16256 16384 0 16256 16384 0 16448 16256 16384 16448 16384 16256 16448 16448 16256 0 16448 16384 16384 16448 16256 16384 16448 0 0 0 16256 16384 16256 16384 0 16384 16448 16448 0 16448 16384 16384 0 0 16448 16384 16256 16256 16256 16384 16384 0 16256 16256 0 16256 16384 0 16384 16448 16448 16384 16384 16448 16256 16448 16384 16384 16256 16448 16384 16384 0 16384 0 16384 16448 16256 16384 0 16384 0 16384 16448 16448 16256 16256 16256 16448 16256 16256 16384 0 16256 16448 16448 16256 16384 16448 16384 16384 16448 16384 16448 16384 16448 0 16256 0 16448 16448 16256 16384 16384 16256 16448 16384 16384 16448 16448 16256 16256 0 16448 16448 16384 16448 16448 16384 0 16384 0 0 16384 16384 16448 16256 16256 16256 16256 16256 16448 16384 16384 16256 16256 0 16384 16384 16448 16448 16448 16384 16448 16384 16384 16448 16384 16256 0 16256 16448 16448 0 0 16256 16448 16384 16448 16256 0 16256 16448 0 16448 0 16448 16384 16448 16448 16448 0 16256 16448 0 16384 16256 16448 16384 0 0 16384 16384 16448 16448 16256 16384 0 16448 0 16256 16256 16448 0 16384 0 16256 16256 0 0 16448 0 16384 16256 16384 16448 16384 0 0 16384 16256 16448 16256 16256 0 16384 16384 16256 0 16384 16256 16256 16256 0 16384 16384 16384 0 16384 16448 16448 16384 0 16448 16384 16256 16256 16256 16256 16448 0 16384 16448 16256 16256 16448 16256 16384 16384 16448 16448 16256 0 16384 16256 0 0 16448 16384 0 0 16384 16448 16448 16384 16448 16448 0 16448 16448 16384 16256 16448 16256 0 16448 16384 16448 0 16384 16384 16384 16448 16448 16256 16448 0 16256 16384 16256 16448 16448 16384 16384 0 16256 16448 16256 16384 16384 16448 16384 16448 16384 16448 16256 16448 16256 16256 16448 16448 16448 16448 16448 16448 16256 16448 0 0 16256 16384 0 16256 0 16448 16384 0 16448 16384 16384 16384 16256 16256 0 0 16256 16384 0 0 0 16384 16448 16384 16384 16256 16256 16384 16448 16448 16448 16448 0 16384 16384 0 16448 0 16256 16448 16448 16384 16384 16256 0 0 0 16384 0 16448 16384 16256 16384 16256 16256 16256 16256 16448 16256 16384 0 16256 16384 16384 16384 16384 16448 16448 16384 16384 16448 16448 0 16384 16448 16384 16256 0 16256 16384 0 16448 16384 16256 16384 16256 16384 16384 0 16256 16256 16256 16448 16256 0 16256 16384 0 0 0 0 0 16256 16448 0 16256 16448 16256 16448 0 16256 16448 0 16384 16448 0 16448 0 16384 0 16256 16384 16384 16448 16384 16256 16448 16256 16256 16384 16448 16384 16256 16448 16384 16256 16448 16448 16448 0 0 16448 16448 16384 16384 16256 0 16448 16448 0 16256 16384 0 16448 0 16448 16448 16384 16256 0 16384 16448 16448 16256 16448 16256 16384 0 0 16384 16384 16384 16256 16384 16256 0 0 16256 0 0 0 0 16256 16256 0 16256 16256 16384 16384 16384 16256 16256 16384 16256 16384 16448 16384 16256 16384 16384 16448 16384 16448 16448 16256 16384 0 16256 16256 16384 16256 16448 0 16384 16256 16448 16256 0 0 16448 0 16384 16384 0 16448 16384 16256 16384 16256 16448 16448 0 16448 16384 16384 0 16448 16448 16384 0 0 0 16384 16256 16448 0 16448 0 16448 16448 16256 16384 16448 16384 0 0 16448 16256 16384 16448 16448 16256 16256 0 16448 0 0 16384 16256 0 16448 0 16448 16448 16448 16256 16448 16448 16256 0 16256 16256 0 16448 16384 16448 0 16384 0 16384 0 16448 16384 16256 16256 16256 16448 0 16448 16448 16256 16448 0 16384 16384 16384 0 0 16384 0 0 16256 0 0 16256 0 0 0 0 0 16384 16256 0 16256 16448 0 16384 16448 16256 16448 16256 16448 16384 0 16448 16384 16448 16448 16384 0 16384 16384 16256 16448 16256 16384 16448 16448 16448 16256 16256 16256 16448 16448 16256 16256 16256 16384 0 16256 16384 0 16384 16256 0 0 0 16448 16448 16384 0 16256 16256 16448 16448 16384 0 16384 16384 16448 16384 16448 16384 0 0 16256 16384 0 16256 16256 16256 0 16256 16384 16256 16256 16448 0 0 16256 0 16256 16384 16384 0 16448 0 16448 16384 16256 16384 0 16384 16448 16384 0 16448 16448 0 16448 16384 16384 16384 0 16384 16448 16384 16256 16448 16256 0 16448 16384 16448 16384 0 16448 0 0 16384 16384 16448 16448 16448 16384 0 16448 0 0 16448 16256 16256 16384 0 16448 16448 16448 16384 0 0 16448 16448 16384 16448 16384 16256 16448 16384 0 16448 0 16448 16256 16384 16448 0 0 16256 16384 16384 0 16384 16448 16384 16384 16448 16448 16448 16384 16256 16448 16256 16256 16384 16448 16384 0 16384 16448 16448 16448 16384 16256 16384 0 0 16256 16448 16384 16448 16256 16448 16384 16384 0 16256 16256 16256 16384 16384 16256 16256 16256 16448 16448 16256 0 16384 16448 16256 16384 16448 16256 0 16448 16384 16448 16384 16384 16384 0 16448 16256 16384 16448 16448 16448 16256 16384 16384 16256 0 0 16256 16448 16256 0 16384 16448 16384 16448 16384 16448 0 0 16384 16256 0 16256 16256 16256 16256 0 16256 16384 16256 16448 16448 16384 0 0 16384 0 0 16384 16384 16384 16256 16384 16384 16448 16448 16256 0 0 16448 0 0 16256 16448 16384 16448 16384 16384 16256 16448 16256 16448 16384 16448 0 0 0 16448 16448 16384 16256 0 0 16256 16448 16384 16256 16256 16256 0 16256 0 16384 0 0 16448 16384 0 0 0 16384 16256 16256 16448 16384 0 16384 0 0 16384 16256 16256 16384 16384 16384 16448 16448 16448 16384 0 16384 16256 16448 0 16448 0 16448 16256 0 16384 16448 16256 0 16448 16448 16384 16384 16256 16384 16384 0 16448 16448 16448 16256 0 16448 16384 0 16384 16384 0 16256 16256 16384 16448 0 16384 0 16448 16384 16256 0 0 16256 16384 16256 0 16448 0 16448 0 0 16384 16448 16256 16384 0 16256 16384 16448 16256 16448 16384 16384 16448 16256 16384 16384 16448 16384 16384 16256 16256 16384 0 16384 16256 16448 16256 16256 16256 16448 16256 16256 0 16448 16384 16256 0 16448 16256 16256 16448 16256 16256 16256 16384 0 16256 0 16256 16384 16384 16448 16384 16256 16256 16256 16384 16256 0 16256 16448 16256 16384 16256 16448 16448 0 16256 16384 16448 16256 16384 16448 16384 0 16448 16448 16448 0 16384 16384 16384 0 16448 16256 16384 16448 0 16256 0 16384 16384 16384 0 0 16448 16256 16448 16448 16256 16256 0 16256 16384 16256 0 16448 0 16384 16256 16448 16256 16384 16256 0 16384 0 16448 16448 16256 0 16384 16384 0 16448 16448 16256 16384 16256 16384 16256 16256 16448 16448 16256 0 16256 0 16384 16448 0 16384 16256 0 16384 16384 16384 0 16384 0 16448 0 16256 16384 16384 16384 16256 0 16384 16448 16256 16384 16384 0 0 16448 16384 0 16256 16384 16448 16448 0 16448 16448 16256 16384 16448 0 16256 0 16448 16256 16448 16256 16384 0 16256 0 16384 16448 16448 16256 16448 16384 16256 16384 16256 16384 16448 0 0 0 16256 16384 16448 16256 16448 16448 16256 16384 16256 0 0 0 16448 0 16448 16448 0 16448 16384 16256 16384 16256 16256 0 0 16448 0 16448 0 16256 0 16256 16256 16448 0 16256 16384 16448 16384 16256 16448 16448 16448 16448 16256 16384 16384 16448 16384 16256 0 16256 16448 16448 16448 0 16256 16256 16384 16448 16448 16256 16448 16448 0 0 16448 16384 16384 0 16384 16256 16448 16256 0 0 16256 16384 16448 16256 16256 16384 16256 16448 16384 0 16256 16256 0 16384 0 16384 16448 16448 16256 16384 16448 16448 16448 0 16448 16256 0 16448 16448 16384 16384 16448 16384 16256 0 16256 0 16256 0 16384 16384 16384 16384 16448 0 0 16384 16448 16256 0 16384 0 16256 16256 16448 16448 16256 16448 0 16256 0 16384 16256 16448 16448 16256 16448 16256 16256 0 16256 0 0 16256 16384 0 16448 16448 16384 16256 0 0 0 16256 0 16448 0 16256 16448 16384 16448 16384 16384 16448 0 16384 16256 16448 16384 0 0 16384 16256 0 16384 16384 0 0 16256 16384 16384 16256 16384 16256 16256 16256 16448 16448 16256 16256 16448 16256 16256 0 16256 0 16384 16448 0 16448 16256 16384 16256 16256 16448 16256 0 16448 16256 16448 16448 16256 16256 16384 16448 16256 0 16448 16256 0 16448 16448 16384 0 16448 16448 16256 16448 16448 0 0 16448 16448 16256 16384 16448 16256 0 16256 0 16384 16448 16384 0 0 0 16384 0 16448 0 16448 16448 16384 0 16256 16384 16256 16256 0 16448 0 16448 16256 16256 16384 16256 16448 16448 16256 16448 16256 16448 16256 16384 16448 16448 16448 0 16384 16256 0 16256 0 0 0 16448 16448 0 16256 16448 16384 16448 16256 16448 16256 16448 16448 16384 16384 16384 16448 16448 16256 16256 16256 16384 0 16256 16256 16448 16384 0 16384 0 16384 16384 16384 0 16256 0 16448 16448 16448 16448 16384 16448 0 16384 16256 0 0 16384 0 0 16448 16384 0 16256 16256 16448 0 0 16256 16448 0 16256 16384 16384 16448 16448 16448 16256 0 16448 16384 0 16448 16448 0 16256 16448 0 0 16256 0 16384 16384 0 16256 16448 0 0 16256 16384 16448 0 16384 0 0 0 16448 16448 16256 16448 16256 16384 16256 16448 16448 16256 16256 0 16384 16384 0 0 16384 16384 16384 16384 16256 16384 16256 16256 0 16256 0 16448 16256 16384 16256 16448 16256 16448 16256 16448 0 16448 16256 16384 16256 16256 16448 16384 16384 0 16448 0 16384 16384 0 0 0 0 16448 16448 16384 16384 16448 16448 16256 16448 0 16448 16256 16256 0 0 16448 16448 16384 16384 16256 0 16256 16448 16256 16448 16384 16256 16384 16256 16256 0 0 16384 16256 16256 16256 0 16384 16448 0 16256 0 16384 16384 16384 16448 16448 16384 16448 0 16448 16448 16384 16384 16256 16256 16256 16256 16448 0 16256 0 16448 16384 16256 16448 16384 16256 16256 16256 16448 0 16256 0 0 16384 16256 16448 0 16256 0 16384 16256 16384 0 16448 16256 16256 16448 16256 0 16256 16448 16448 0 16256 16448 16256 0 16384 16448 16256 0 16448 16448 16256 16256 16448 0 0 16256 16384 16256 16256 16448 16256 0 16384 16256 16256 16448 16256 0 0 16256 16448 0 16448 0 16448 16384 0 16384 16256 16448 16384 0 16256 0 16384 16256 16384 16384 16384 16448 16448 16384 16448 16256 0 16448 16384 16256 0 0 16448 16384 16256 16384 0 16448 0 16448 16384 16384 0 16448 16448 16448 0 16256 16384 16448 0 16384 16448 0 16448 0 16448 16448 16256 16448 0 16256 16256 16384 16256 0 16448 16384 0 16384 16384 16256 0 0 16384 16384 16256 16384 16256 16384 16448 16384 0 16256 0 0 0 16448 16384 16256 16448 16448 16384 16448 0 16448 16256 16256 0 0 0 0 0 16384 16448 16384 16448 16384 16448 16448 16448 0 16384 0 16448 16384 16448 0 16384 16256 0 0 16384 16256 16256 16384 16448 0 16384 16256 16448 16448 16384 0 0 16384 0 0 16256 16384 16448 16384 16448 16256 16448 0 16448 16256 16384 16448 16448 16384 16448 16448 16448 16448 16448 0 16384 16256 16448 16256 16384 16384 0 16256 0 16256 0 16384 16256 16256 16448 16256 0 16384 0 16448 16256 16384 16448 16256 0 16384 0 16384 16256 0 16384 16448 16448 0 0 0 16384 0 0 16448 16256 0 16384 16384 16384 16448 0 16384 16384 16256 16384 16384 16256 0 16384 0 16256 0 0 16256 16448 0 16384 0 16256 16384 16384 16384 16384 16384 16448 16256 16256 16448 16448 16384 0 0 16384 0 0 16448 16256 16448 16448 0 16256 16384 16448 16448 16384 16384 16256 16448 0 0 16448 0 16384 16256 16448 16384 16448 0 16256 16384 0 16384 16256 16448 16256 16256 0 16256 16448 16256 16384 16384 16256 16384 16256 16256 16256 16384 16256 16384 0 16256 0 16448 0 0 16384 16256 0 16384 16448 16448 0 0 0 16256 0 0 16448 16384 0 16448 0 16384 0 16384 0 16256 16384 16384 0 0 16384 0 16448 0 16256 16256 0 16384 16448 16256 16448 16448 16448 0 16384 0 0 16384 0 16384 0 16448 16384 16448 16256 16448 16448 16384 0 16256 16448 16256 16448 16384 16256 16384 16448 16256 0 16448 0 16256 16384 0 16448 16384 16448 0 16256 0 0 16256 16256 16256 0 0 16384 16256 16448 16448 0 16384 16384 16256 16448 16256 16384 0 0 16448 16384 16384 16384 16448 16256 0 16384 0 16384 0 0 16448 16256 16256 16384 16448 16448 16448 16384 16448 16256 16384 0 16256 0 16256 16384 16256 16384 16256 16384 16448 16256 16384 16384 16256 16448 16448 16448 16256 16448 16384 0 16384 16384 16256 16256 0 16448 16256 16256 0 16256 16448 16384 16448 16384 16384 16448 16448 0 0 0 0 16448 0 16256 16256 0 16448 16256 16448 16384 0 16448 16256 16256 0 16384 16256 0 16448 16384 16256 0 16256 16384 0 16256 0 16448 16448 0 16256 16448 16384 0 16384 16256 16384 0 0 16448 16384 16256 0 16448 16256 16256 16384 0 16384 16384 16384 0 16256 16256 16448 16384 16448 16256 16448 16448 16256 0 0 16256 16384 16256 16256 16448 16384 16384 16448 16256 16256 16384 16384 0 0 16384 0 16256 16256 0 16384 16384 16256 16448 16448 16384 16256 16384 0 16448 16448 16448 0 16256 16448 16448 0 16448 16256 0 16256 16256 0 16256 16256 16256 16256 16448 16448 16256 16384 16256 16256 16448 16448 16384 16448 16256 16256 0 16256 16448 16256 16448 16448 16256 0 16384 0 16256 16448 0 16448 0 16384 0 0 16384 0 0 16256 0 0 16256 16384 16448 16384 16256 0 0 0 0 16448 16256 16256 16384 16448 16384 16448 16448 16448 0 16448 16256 16448 16256 16448 16256 16256 16384 0 16256 16384 16256 0 0 16448 0 16256 0 0 16448 0 16384 16448 16448 16384 0 16256 16256 16448 16384 16448 16448 16256 16448 16256 0 16384 16384 16384 16448 16448 16384 16256 16256 16256 16448 16384 0 16384 16384 16256 0 16256 16256 16256 0 0 16384 16384 16384 0 16448 16256 16256 16448 16384 0 16256 16448 16256 16256 16448 16256 16448 16448 16448 0 0 16384 0 0 0 16384 16384 0 16384 16384 16256 16384 16256 0 16256 16384 0 16448 16384 0 16384 16256 0 0 16448 16384 16256 16256 16384 16448 16384 16384 16256 0 0 0 16256 16256 16384 16256 0 16256 16256 16256 16256 16448 16256 16448 16448 16448 0 16384 0 16448 16384 16384 16384 16256 16256 16448 16256 16384 0 16256 16256 16384 16448 16448 16384 16384 16384 0 16384 16384 16448 0 16448 16384 16384 0 0 16448 16256 16256 16384 16448 0 16384 16384 0 16256 16448 0 16256 16448 0 16256 16448 16256 16256 0 16384 0 16256 16448 16384 16256 16256 16384 16256 16256 16256 16256 16256 16448 16448 0 0 16256 16384 0 16256 16448 0 16448 16256 0 16256 16448 16256 0 16448 0 16256 0 16256 0 16448 16448 0 0 16256 16448 16448 16384 16256 0 16384 16256 0 0 16256 16256 0 16384 16448 16256 16384 16448 16256 0 0 0 16448 0 16384 16448 16448 16448 16448 16384 16448 16448 16384 16448 16256 16448 16256 16384 16448 16256 0 16384 0 16256 16448 16256 16384 16448 16256 0 16384 16256 16448 16256 0 16384 16384 16384 16384 0 16448 16384 16448 16256 16384 0 0 16384 0 16256 16384 0 0 16256 16384 0 16256 0 16448 16384 16448 16448 16384 16384 16448 16384 16384 16384 16384 16256 16256 16448 16384 16256 0 16448 0 0 16448 16384 16448 16384 16448 16256 16448 16256 16448 16256 0 16448 16256 16384 16384 16384 16256 16448 16256 16448 0 16384 0 0 16256 16256 0 16448 16384 16256 16448 16256 16384 16448 16256 0 0 0 16384 16448 16384 0 16448 16384 0 0 16256 16256 16256 16384 16448 0 16384 16256 16256 16256 16256 16384 16384 16384 16256 16384 0 16384 16384 16384 16384 0 0 16256 0 16256 16448 0 16384 16256 16384 16256 16384 16384 16448 16448 16384 16448 16384 16256 16256 16448 16256 0 16448 16384 16256 0 16256 16256 0 16256 0 0 16448 16256 16256 16384 16256 16448 16448 16448 16256 0 16384 0 16256 0 16384 0 16384 0 16256 16384 16448 16256 0 16448 0 0 0 16448 16256 16448 16384 16448 16256 16384 16384 16256 0 16448 16384 0 16256 0 0 16448 16448 16384 0 16256 16256 0 0 16448 16448 0 16384 16448 16256 16384 0 0 16448 16448 16256 16448 16384 16448 0 16384 16384 16384 0 16448 16448 16448 0 0 16256 16448 16448 16256 16448 0 0 16448 16256 0 16256 16448 16384 16384 16256 16384 16384 16256 16256 16384 16384 16256 16448 16448 16448 16384 16384 0 16448 16448 0 0 0 16384 16448 16256 16448 16384 16384 16448 16448 16384 0 16256 0 0 0 16256 16256 16256 16384 16448 16384 16448 16384 16384 16448 16448 16256 16256 16256 16256 16256 16256 16448 16256 16256 16384 16448 16448 0 16384 0 16384 16384 16256 0 16256 0 0 0 16256 16448 16256 16384 0 0 16256 16384 16384 16384 16256 16448 16256 16448 16256 16448 0 16384 0 16448 16256 16256 16256 16256 16384 0 16384 16384 16384 16256 0 16384 16256 16256 16384 16256 0 16384 16448 16256 16256 16448 16448 0 16384 16256 16256 16448 16384 16256 0 0 0 16256 16448 0 16384 16384 16448 16448 16384 16256 16448 16384 0 16448 16384 0 0 16256 16384 16448 16384 16448 16384 0 16384 16256 16384 16256 16448 16448 16384 16256 16256 16256 16448 16448 16384 16256 16448 0 16256 16256 16448 16256 16384 16384 0 16448 16256 16256 16384 0 16256 16384 16256 0 16448 16448 16384 16448 16256 16256 16448 16256 16384 16384 16448 16256 16448 16448 0 16384 16448 0 0 16384 16448 16448 0 16448 16384 0 16256 16448 16256 16384 16384 16256 16448 16448 16448 16384 0 16448 16256 16448 16448 16384 16448 16448 16256 16448 16448 16448 16256 0 16256 16256 16384 0 16256 0 0 16384 16384 16448 16256 0 0 0 16384 16384 16256 0 16448 16256 16384 0 0 16448 16448 16384 0 0 16384 0 16384 16448 16448 16448 16384 0 16448 0 0 16384 0 16448 16256 16448 16448 0 16448 16256 16256 16384 16256 16448 16448 16256 16384 16384 16256 16384 16384 16256 16384 16256 16448 16384 16256 16384 16448 16448 16256 16448 16448 16384 0 16384 0 16448 0 16448 16256 16384 16256 16448 16256 16384 0 16384 0 0 16448 0 0 0 16384 0 16448 16448 16448 16256 16448 16384 0 16256 16384 0 16384 16256 16384 16384 16448 0 16384 0 16448 16256 16256 16256 16448 16448 16384 16448 16256 16384 16384 16448 16384 16448 16448 0 16256 16448 16256 16448 16256 0 16384 16384 0 0 16256 16256 16448 16384 16384 16256 16448 16448 16448 0 16448 0 16448 16448 16384 0 16256 16256 16384 16384 16448 0 16448 16448 0 0 16384 16384 16256 16384 16256 0 16256 16256 16448 0 16256 0 0 16256 0 16256 16448 16256 16448 0 16256 0 16448 16448 16256 0 16448 16448 16384 16448 0 0 16256 16448 16448 16448 16384 16256 16384 16384 16448 16384 16384 0 0 16448 16256 16256 16256 16448 16256 16448 16384 16384 0 16448 16384 16256 16384 16384 16448 16448 16256 16384 16384 0 16384 16448 0 16256 16448 16256 16256 16256 16448 16448 0 16448 0 16256 16384 16256 16256 16384 16448 16448 16256 16384 16256 16448 16256 16256 0 16448 0 0 16256 16256 0 0 16384 16448 16448 0 16256 16384 16256 16384 16256 16256 16256 16256 16256 0 16448 0 16448 16256 0 0 16384 16256 16448 16256 16256 16384 16256 16384 0 16256 16256 0 16448 0 16448 16384 0 16448 16256 16448 16256 16384 16448 16384 16256 0 16384 16256 16384 0 16256 16256 16256 16448 16384 16256 16384 16256 0 0 16384 16448 16384 0 16256 0 16448 16384 16256 16256 16256 0 16256 16384 0 16256 16448 16256 16384 16384 16384 16448 16256 16448 16384 16448 16384 0 16448 16448 0 16384 16448 0 0 16384 16448 16256 16384 0 16448 16448 16448 16448 16448 0 16256 16448 0 0 16448 16448 16448 16448 16448 16384 16448 16256 0 16384 16384 16256 16384 16256 16384 0 16448 16256 0 16448 16384 0 16256 16384 16256 16384 16448 16384 0 16448 16384 0 16384 0 16384 16256 16448 16448 0 16448 16384 16256 16384 16448 0 16256 16384 16384 16256 16256 16384 16256 0 16384 16384 16448 16256 0 16448 0 16448 16256 0 16256 0 16384 0 16384 0 16448 16448 16384 16384 0 0 16256 16256 16384 16448 0 16448 0 16384 0 0 16384 0 16256 16256 0 16448 16256 0 0 16384 16384 16384 16384 16448 16448 16448 16448 16256 0 16256 0 16448 0 0 16256 16448 0 16448 0 16384 16256 16256 16448 16256 16384 16448 16384 0 16384 16256 0 16384 0 16384 16448 16384 16256 16256 16448 16256 16448 16448 0 16448 16384 0 16384 0 16448 16384 16384 16384 16256 16448 0 0 0 16256 16384 0 16448 16384 0 16256 16448 16256 16256 16448 16256 16384 16448 16448 16256 16256 0 16256 16384 16256 16256 0 16448 16256 16384 16384 0 16256 16448 16384 16448 16448 16384 16256 0 16256 16256 0 16256 0 0 16448 0 0 16256 16448 16384 16448 0 16256 16448 16384 0 16256 16256 16256 16384 16256 0 16384 0 16256 0 16448 16448 0 16384 16448 0 0 16256 16448 0 0 0 16256 16384 0 16448 16448 16448 16256 16384 16384 16448 0 16256 0 16448 0 16448 0 16384 16256 16384 16384 0 0 16384 16448 0 0 16256 16384 16384 16448 16448 16384 16448 16448 16256 16384 16448 16256 16448 16384 16384 16384 16384 0 16256 0 0 16256 0 0 16256 0 16384 0 16448 16384 16256 16256 16384 16384 0 16448 16448 16384 16256 16384 16384 16384 16448 16256 16448 16256 0 0 16384 0 16384 16384 16384 16384 16384 0 0 0 16384 0 16384 16384 16448 16448 0 0 0 16256 16448 16384 0 16256 0 16384 16384 16384 16256 16256 16256 16384 16448 0 16448 16384 16448 16384 16384 16256 16448 16384 16256 16256 0 0 16384 0 16448 16256 16448 0 16384 16256 16448 16256 16448 16384 16448 16448 16384 16256 16256 16384 16256 0 16256 16384 16384 16448 0 16448 0 16448 16448 16384 0 16256 16384 0 16256 0 16256 16384 0 16256 16384 16384 16384 16448 16256 16384 16384 16448 16384 0 16384 16448 0 16256 16384 16256 16256 16448 16384 16384 16256 16384 16384 16384 16448 16384 16384 16384 16256 16448 16256 16384 16256 0 16448 16384 16384 16256 16384 0 16256 16256 0 0 16384 16256 16448 16448 16384 0 16448 16448 16256 16256 16448 16448 16384 16256 16384 16256 16384 0 16384 16384 0 16256 16448 16384 16256 0 16384 16256 16256 16448 0 0 16256 16384 16256 16448 16256 16448 16384 16448 16256 16384 16448 16384 0 16448 16256 16384 16256 16448 16384 16384 16448 16256 16384 16448 0 0 16256 0 16384 16256 0 16256 0 16448 16448 16384 16256 16448 16256 16448 16448 16256 16384 0 0 16448 16448 0 16448 16448 16384 16256 16384 16256 16384 0 16448 16256 16256 16448 0 16256 0 16384 16256 0 16256 16384 16256 0 16384 16384 16448 16384 16448 16384 16448 0 16384 16256 16448 16384 16448 16448 0 16256 16448 16256 16448 16448 16384 16384 16384 0 16448 16448 16448 16448 16256 16384 16384 16384 16384 16384 16256 16256 0 16256 16256 16256 16384 16256 16256 0 0 16256 16448 16384 16256 16256 0 16256 16384 0 16384 0 16256 0 0 16448 16448 16448 0 16448 16256 16384 16384 0 0 0 16256 16256 0 0 16256 0 16448 0 16384 16256 16384 16256 16384 16256 16256 16256 16256 16448 16384 16448 16448 16256 0 0 16384 16384 0 16256 16384 16448 16384 16384 16448 0 16384 16384 0 0 0 16256 16448 16448 16256 16384 16256 16448 16256 0 16256 16256 16384 16448 16256 16384 16256 16448 16384 16384 0 16256 16384 16256 16256 0 16384 16256 16384 16256 16256 0 16256 16448 0 16256 16448 16448 0 0 16448 16384 16448 16256 16448 0 16256 16448 16448 16448 16384 16256 16448 16448 16256 16448 16384 16448 16448 0 16384 0 16256 0 16256 16256 16256 16448 16384 16448 16384 16448 16384 0 0 16448 16256 16384 16448 16448 16448 16256 0 16448 16256 0 0 16448 0 0 16256 16384 0 16448 0 16384 16384 0 16448 0 16448 16256 16384 16448 16448 16384 16256 0 16384 16448 16448 16384 16448 16384 16448 16256 16256 0 16384 0 0 0 16256 16384 16256 16256 16384 0 16256 16256 16384 16384 0 16256 16448 0 16384 16384 16256 16448 0 0 16256 0 0 16384 0 0 16448 16256 16384 16384 16256 0 16256 16384 16256 16256 16384 16448 16384 16384 16384 16256 0 16256 16256 16256 16384 16448 16256 16448 16384 16256 16384 16448 16448 16256 16384 16448 0 0 16448 16384 0 16448 16256 0 0 16256 16448 0 16448 16448 16256 16448 0 0 16448 0 16256 16384 16384 0 16448 16256 0 16256 16384 16384 16448 0 0 16256 16256 0 16384 16448 16256 16256 16448 16256 16448 16256 0 16384 16448 16384 0 0 16256 16384 16384 0 16384 16384 16448 0 16448 16384 16384 16384 16448 16448 16384 16448 16448 16384 16256 16256 16256 16448 16256 0 16256 0 16256 16256 16256 16384 16256 16256 0 0 16256 16384 16384 16448 16448 16384 0 16384 16256 0 16448 0 16384 16256 16384 16256 16448 16256 16384 16448 16448 16256 16256 16384 16448 16384 16256 16384 16256 0 16384 16448 16384 0 16384 16448 0 16384 0 16256 0 16384 16256 16384 0 16384 16448 0 16448 0 16448 16448 16448 16448 16256 16384 0 16448 16448 16256 16256 16384 0 16384 0 16448 16256 16256 0 16256 16256 16448 16448 16384 16256 16384 16256 0 16448 16384 16256 16448 0 0 16256 16448 16256 16256 16448 0 16256 16256 16256 16448 0 16256 0 16256 16384 16384 0 16256 16448 16448 16384 16384 16256 16256 16448 0 16448 16384 0 0 0 16448 16256 16384 16384 16448 16256 16256 16448 0 16448 0 0 0 16448 16256 16256 16256 16448 16448 0 0 16384 0 16384 16256 0 0 16384 16448 0 16256 16384 16384 16384 16384 16384 16448 0 16256 16384 16448 16448 16256 16448 16384 0 16256 16256 16256 16448 0 16448 16256 16384 16448 0 16448 0 16256 16384 16384 16384 16256 16384 0 0 16384 16256 16384 16256 16256 16448 16448 16448 16256 16448 16384 16448 0 0 16256 16448 16256 16384 16448 0 16256 16384 16448 16384 16384 16384 16384 16448 16384 16256 16384 0 16256 16256 16256 16448 16448 0 0 16256 16384 16448 0 16448 16256 16448 16448 16384 16256 16448 16384 16448 0 0 16256 16256 16448 16448 16448 16448 16384 16256 16256 16256 16256 16384 0 16448 16384 0 16256 16256 16256 16256 16384 0 16256 0 16384 16384 16448 16256 16256 16448 0 0 16448 16448 16384 16448 16448 16448 16256 0 16448 16384 16384 0 16256 16384 16256 16256 0 0 16384 0 16256 16384 16448 16384 16448 16384 0 0 0 16384 16448 0 16384 16384 16256 16256 16384 16448 16384 0 0 16256 0 16256 16256 16256 16448 16384 16384 16448 0 16256 16256 16256 16448 16384 16256 16384 16448 16448 16384 16256 16384 16448 16256 16384 16384 0 16256 0 16384 16384 16384 16448 0 16256 16256 0 16384 0 16256 0 0 0 16256 16448 16256 16256 16448 16384 16256 16384 16448 16256 16256 16256 16384 16256 16256 16384 16384 16448 16448 16448 16448 16384 0 16448 0 0 16384 16448 16384 0 16256 0 16448 0 16448 16256 16256 16384 16256 0 16448 16448 16256 0 16256 0 16256 16256 0 0 16256 16384 16256 16384 0 16256 0 16384 16256 16384 16384 16384 16448 0 16256 16448 0 0 16384 0 0 16256 16384 16448 0 16384 16384 0 16256 16448 16448 0 16256 16256 16384 16384 0 16448 16256 0 16384 16384 0 0 0 16448 16384 16256 16256 16384 0 0 16256 16448 16384 16384 16448 16448 16256 16384 0 16384 16384 0 16256 16256 16448 16448 16256 16384 0 16448 0 16256 16384 0 16256 16448 16448 16448 16384 16384 16448 16256 0 16384 0 0 0 16384 16256 16448 16384 16448 16448 16448 16384 0 16384 16448 0 16448 0 16384 16384 16384 0 16384 0 16448 16384 0 0 16448 16448 16448 16256 16448 16256 16384 0 16448 16384 16384 16256 16448 16384 16448 0 16448 0 16448 16384 16256 16384 16384 16256 16384 16256 0 16384 16448 0 16384 16448 16256 0 0 0 16384 0 0 16448 0 16448 0 16384 16384 0 16448 16448 16384 16448 0 16384 16448 16256 0 16448 16256 16256 16448 16256 16384 0 0 16384 16384 16448 16448 16256 16384 16384 16256 16256 16448 0 16384 16256 16256 16448 16256 16448 16448 16384 0 16256 16256 16256 0 16448 16256 0 16384 16256 16256 0 16384 16448 16384 16448 16256 16384 16448 16256 16256 0 16384 16448 16448 16448 0 0 16256 0 16256 0 16448 16448 16256 16448 0 0 16384 16384 16384 16448 16448 0 0 16384 0 16448 0 16256 16384 16256 16448 16384 16384 16448 16384 0 16448 16256 16384 0 16448 0 16448 16384 0 16448 0 16256 16384 0 0 16448 0 0 16448 0 16448 16384 0 0 16448 0 0 16384 16448 16384 16384 16384 16384 16448 16448 16384 0 0 16448 16384 16384 16448 0 16384 16448 16256 0 16384 16448 0 0 0 16448 16448 0 16384 16384 0 16256 16448 16384 16384 16256 16256 0 16256 16448 16384 0 16448 16256 16448 16384 16384 0 16384 0 16384 16256 16256 16384 0 16256 0 16384 16256 16384 0 0 0 16448 16384 16256 16448 16448 16448 16384 16256 16256 16384 16448 16384 16448 16448 0 16384 16256 16448 16256 16448 16448 16384 16384 16448 16384 16256 16448 0 16448 16384 0 16256 16256 16448 16256 16448 16448 16448 0 0 16448 0 0 16384 16384 0 0 16256 16384 0 16448 0 16384 16448 16256 16448 0 16448 16448 0 16384 16256 16384 16448 16256 0 16384 16448 16448 0 16448 0 16256 16384 0 16256 16448 16256 16256 16256 0 0 16384 16256 16256 16448 16448 16256 0 16384 0 16384 0 16448 16384 0 16448 16256 16256 16256 16448 16448 0 0 16256 16448 0 16256 16448 16448 16384 16256 16256 16256 16256 0 0 16256 16256 16256 16256 16256 16256 16384 0 16256 16256 16448 16384 0 16448 16448 16384 0 16384 16448 16256 16448 16256 16448 0 16256 16384 16256 16448 16448 16256 0 16448 16384 0 0 16256 16384 0 16384 0 16448 16384 0 16448 16384 16384 16384 0 16448 0 16384 16448 16448 16256 16448 0 0 0 16256 0 16384 16256 16384 0 16256 16448 16256 16448 16448 16384 0 16448 0 16256 16448 0 16448 16256 0 16256 16448 16256 16448 16384 16384 16256 16384 16256 0 0 0 16448 16256 16384 16384 16448 16448 16448 16448 0 16448 16256 16448 16256 16448 16448 16448 0 16448 16256 16384 0 16256 0 0 16384 16448 16448 0 0 16448 16448 16384 16384 16448 0 16448 16384 0 16448 16256 16384 0 16256 16384 0 16448 0 16384 0 16384 0 16384 0 16448 16448 16448 16384 16448 16448 16384 16448 16256 16256 0 0 16256 16256 0 16448 16448 16384 16256 16448 0 16256 0 16256 16256 16256 16256 0 16448 16384 16448 16256 16384 0 16384 16384 16448 16256 0 16448 16384 16448 16256 16384 16448 16448 16448 16384 0 16448 16256 16448 16384 16256 16448 16384 0 0 16384 16256 0 0 16384 16384 16256 16384 0 16256 0 16448 16448 16256 0 0 16448 16448 0 16448 16448 16448 16448 16384 16384 0 16448 16448 16384 16384 16384 0 16256 0 16256 16256 16384 16448 16448 16448 16256 16384 16384 16384 0 16256 16384 16384 16384 16256 16448 16384 16256 0 16256 16384 16256 16256 0 16256 0 16384 16384 16256 16384 16384 16448 0 0 0 0 16448 16384 16256 16256 0 16448 0 16448 0 16384 16384 0 16384 16448 16384 16384 16384 0 0 16384 16384 16448 16448 16448 0 16256 16256 16256 16448 16384 16384 16384 0 16448 0 0 16256 16256 16384 0 16256 16384 16384 0 16448 16256 16256 16256 16448 16448 16448 16448 16384 16256 16256 0 16384 16256 0 0 16384 16448 16384 0 16384 0 16448 16384 16448 0 16256 16448 16256 0 16448 16256 16384 16448 16384 16384 0 0 16256 0 16448 0 16256 16384 0 16448 16384 16384 16384 16256 16384 16384 0 16384 16448 0 0 16448 16384 16256 16256 16256 16384 16448 16256 16384 16448 16256 0 0 16448 16448 16256 16256 16256 16384 16256 16256 0 0 16384 16448 16448 16256 16384 16384 16448 16256 16256 0 16384 0 16256 0 16256 16384 16448 16448 16448 0 16256 16384 16384 16256 16384 16448 16448 0 0 16448 16384 0 16448 0 16256 16448 0 16384 0 16256 0 0 16256 16384 16256 16448 16384 16256 16448 16448 0 16256 16384 16256 16256 16384 0 0 16256 0 0 0 16384 16448 16256 16384 0 16448 16256 0 16256 16448 16256 16256 16256 16256 16256 16448 16448 0 16384 16256 16384 16448 0 16384 16256 0 16256 16448 16448 16448 16256 16256 16448 16448 16384 16384 0 16448 16256 16384 16448 0 16256 16256 0 16256 16384 16448 0 16384 16256 0 0 16256 16384 16256 16448 16448 16256 16256 16384 16384 16256 16384 0 16384 16448 16448 0 16384 16384 0 0 0 16384 16448 16256 16448 16448 0 16448 16256 16384 0 16384 0 0 16448 16384 16448 0 16448 16384 16448 0 16448 16448 0 16384 0 16448 16384 0 16256 16448 0 0 16256 16448 0 16256 16448 16256 16384 16256 16256 0 16384 16448 16448 